101 0 2
102 0 3
103 0 4
104 0 5
105 0 2
106 0 3
107 0 4
108 0 5
109 0 2
110 0 3
111 0 4
112 0 5
113 0 2
114 0 3
115 0 4
116 0 10
201 0 2
202 0 3
203 0 4
204 0 5
205 0 2
206 0 3
207 0 4
208 0 5
209 0 2
210 0 3
211 0 4
212 0 5
213 0 2
214 0 3
215 0 4
216 0 10
301 0 2
302 0 3
303 0 4
304 0 5
305 0 2
306 0 3
307 0 4
308 0 5
309 0 2
310 0 3
311 0 4
312 0 5
313 0 2
314 0 3
315 0 4
316 0 10
401 0 2
402 0 3
403 0 4
404 0 5
405 0 2
406 0 3
407 0 4
408 0 5
409 0 2
410 0 3
411 0 4
412 0 5
413 0 2
414 0 3
415 0 4
416 0 10
501 0 2
502 0 3
503 0 4
504 0 5
505 0 2
506 0 3
507 0 4
508 0 5
509 0 2
510 0 3
511 0 4
512 0 5
513 0 2
514 1 3
515 0 4
516 0 10
601 0 2
602 0 3
603 0 4
604 1 5
605 0 2
606 0 3
607 0 4
608 0 5
609 0 2
610 0 3
611 0 4
612 0 5
613 0 2
614 0 3
615 0 4
616 1 10
701 0 2
702 0 3
703 0 4
704 0 5
705 0 2
706 0 3
707 0 4
708 0 5
709 0 2
710 0 3
711 0 4
712 0 5
713 0 2
714 0 3
715 0 4
716 0 10
801 0 2
802 0 3
803 0 4
804 0 5
805 0 2
806 0 3
807 0 4
808 0 5
809 0 2
810 0 3
811 0 4
812 0 5
813 0 2
814 0 3
815 0 4
816 0 10
901 0 2
902 0 3
903 0 4
904 0 5
905 0 2
906 0 3
907 0 4
908 0 5
909 0 2
910 0 3
911 0 4
912 0 5
913 0 2
914 0 3
915 0 4
916 0 10
1001 0 2
1002 0 3
1003 0 4
1004 0 5
1005 0 2
1006 0 3
1007 0 4
1008 0 5
1009 0 2
1010 0 3
1011 0 4
1012 0 5
1013 0 2
1014 0 3
1015 0 4
1016 0 10
1101 0 2
1102 0 3
1103 0 4
1104 0 5
1105 0 2
1106 0 3
1107 0 4
1108 0 5
1109 0 2
1110 0 3
1111 0 4
1112 0 5
1113 0 2
1114 0 3
1115 0 4
1116 0 10
1201 0 2
1202 0 3
1203 0 4
1204 0 5
1205 0 2
1206 0 3
1207 0 4
1208 0 5
1209 0 2
1210 0 3
1211 0 4
1212 0 5
1213 0 2
1214 0 3
1215 0 4
1216 0 10
1301 0 2
1302 0 3
1303 0 4
1304 0 5
1305 0 2
1306 0 3
1307 0 4
1308 0 5
1309 0 2
1310 0 3
1311 0 4
1312 0 5
1313 0 2
1314 0 3
1315 0 4
1316 0 10
1401 0 2
1402 0 3
1403 0 4
1404 0 5
1405 0 2
1406 0 3
1407 0 4
1408 0 5
1409 0 2
1410 0 3
1411 0 4
1412 0 5
1413 0 2
1414 0 3
1415 0 4
1416 0 10
1501 0 2
1502 0 3
1503 0 4
1504 0 5
1505 0 2
1506 0 3
1507 0 4
1508 0 5
1509 0 2
1510 0 3
1511 0 4
1512 0 5
1513 0 2
1514 0 3
1515 0 4
1516 0 10
